year,region,white,black,hispanic,aapi,other
2020,Alabama,0.6312051938198495,0.2563868367978769,0.052554207280288374,0.015630103344181325,0.0442236587578039
2019,Alabama,0.6552020507562164,0.2648600871571392,0.04278410663932325,0.013742732632658293,0.02341102281466284
2018,Alabama,0.6571305820732299,0.26430042674954984,0.04175937574516721,0.013455561311329831,0.023354054120723177
2020,Alaska,0.575079323307758,0.02826732261508527,0.06793647590439479,0.07622673307962602,0.25249014509313594
2019,Alaska,0.606317191900883,0.031010707288879724,0.07037342551840536,0.07316828298067478,0.21913039231115716
2018,Alaska,0.6103510282783311,0.030895742272340748,0.06930926344182116,0.07333761218443473,0.21610635382307225
2020,Arizona,0.5336706890384705,0.04434886545511698,0.3065444154248996,0.036797864280818215,0.07863816580069477
2019,Arizona,0.5470699895139199,0.042141049620732396,0.3132722456168171,0.03396664453521758,0.06355007071331298
2018,Arizona,0.5507498900554725,0.04125910416263297,0.3114164525957345,0.03382908538389174,0.0627454678022683
2020,Arkansas,0.6852178498328421,0.14938748620299888,0.08528804684936929,0.021746464580723913,0.05836015253406585
2019,Arkansas,0.7243031036517669,0.15233165631449272,0.07472569239540304,0.017850748657218016,0.03078879898111936
2018,Arkansas,0.7268766775081579,0.15332211400050358,0.07324510118297867,0.017159359889469622,0.029396747418890257
2020,California,0.346869079068121,0.05360094205548894,0.39404026832465383,0.15471008901942812,0.050779621532308084
2019,California,0.3717925621540262,0.05521797104774048,0.39018135274463983,0.14641565642692145,0.03639245762667209
2018,California,0.37538445662135916,0.05528959282490684,0.38881377085762103,0.14468785218229133,0.03582432751382167
2020,Colorado,0.6513420997299139,0.038330613535758784,0.21881755833420222,0.03537151303303212,0.05613821536709302
2019,Colorado,0.6805852897921324,0.03948524414434824,0.21534703099575445,0.03248960091431032,0.032092834153454604
2018,Colorado,0.6830800371930493,0.03918395860817867,0.21420426635300022,0.032007139214133215,0.03152459863163855
2020,Alaska District 1,0.575079323307758,0.02826732261508527,0.06793647590439479,0.07622673307962602,0.25249014509313594
2019,Alaska District 1,0.606317191900883,0.031010707288879724,0.07037342551840536,0.07316828298067478,0.21913039231115716
2018,Alaska District 1,0.6103510282783311,0.030895742272340748,0.06930926344182116,0.07333761218443473,0.21610635382307225
2020,Delaware District 1,0.5857388468889275,0.21512241047004488,0.1053489678245726,0.04313559904156582,0.050654175774889176
2019,Delaware District 1,0.6231373687905328,0.21666485592030488,0.0923104566423748,0.038637845156114195,0.02924947349067329
2018,Delaware District 1,0.6273050411007957,0.21555142470471145,0.09090621856881816,0.03869425326094397,0.027543062364730767
2020,Montana District 1,0.8313016209735065,0.004682607392377043,0.041687841545804606,0.008223385367428348,0.11410454472088354
2019,Montana District 1,0.8609440450616714,0.004441064522975799,0.03837056904827397,0.008446208010477334,0.08779811335660147
2018,Montana District 1,0.8629407563557614,0.00417381821812136,0.03745589076653112,0.008171007514408697,0.08725852714517743
2020,North Dakota District 1,0.8165381840958857,0.033567194715913615,0.04288571083848675,0.017865623403594433,0.08914328694611945
2019,North Dakota District 1,0.8444173977854337,0.028513962287090154,0.037420858788688505,0.015513064989950007,0.07413471614883765
2018,North Dakota District 1,0.8501411191955341,0.026738863681383035,0.03526849871244521,0.014663633789372788,0.07318788462126483
2020,South Dakota District 1,0.7957700015902249,0.019670293357032572,0.043692840716977176,0.01559209940146639,0.12527476493429893
2019,South Dakota District 1,0.8195668004382993,0.01974529023543654,0.03793080476615999,0.01488793275735725,0.10786917180274691
2018,South Dakota District 1,0.8224216668267211,0.018327203053608226,0.03701886753157798,0.014782092563945625,0.10745017002414704
2020,Vermont District 1,0.8913411613228276,0.013449400305095657,0.024109088025228705,0.01808026099518409,0.053020089351663954
2019,Vermont District 1,0.927964018048639,0.012655510937622634,0.0192819947686497,0.01712121964463338,0.022977256600455243
2018,Vermont District 1,0.9296710118932376,0.012163647622232498,0.01868388756706247,0.017138230686889275,0.02234322223057811
2020,Wyoming District 1,0.8141859856358055,0.008208358830963281,0.10235918807456344,0.009579596810961582,0.06566687064770624
2019,Wyoming District 1,0.8406485790604175,0.008937668667731453,0.09868955499256485,0.009237139946026325,0.04248705733325991
2018,Wyoming District 1,0.8414037632597502,0.008849572731835087,0.097907314088506045,0.008755044376765962,0.04308430554314271
2020,Alabama District 1,0.6344130881372921,0.25944819875639563,0.03757111621477235,0.015355044087922499,0.05321255280361738
2019,Alabama District 1,0.650800199961979,0.27391552310476175,0.03226992050807241,0.014314179698226393,0.028700176726960427
2018,Alabama District 1,0.6509498190382773,0.2744149706370674,0.03205648100574237,0.014577432792217444,0.028001296526695495
2020,Arizona District 1,0.4930170204376684,0.024161135572057568,0.2142695669317211,0.017379246894920153,0.2511730301636328
2019,Arizona District 1,0.4826043339999344,0.022344031734583485,0.23092810543225256,0.01735960397337967,0.24676392485984988
2018,Arizona District 1,0.48676716473367126,0.02150932880384299,0.2261949627113246,0.017487194458451656,0.24804134929270943
2020,Arkansas District 1,0.7299619759124943,0.17590746913683647,0.03957213130314857,0.00833766059732994,0.046220763050190676
2019,Arkansas District 1,0.7574939736323022,0.17172410255983744,0.0348815449680003,0.006129637253556562,0.0297707415863035
2018,Arkansas District 1,0.7592358714371675,0.1746498551005305,0.03340918365229661,0.0056438170462640835,0.027061272763741283
2020,California District 1,0.7159347821441545,0.012846977370344253,0.15372352928606534,0.03136098467850503,0.08613372652093088
2019,California District 1,0.7635724936830995,0.01452108981741116,0.13907225741829057,0.030001386464148582,0.05283277261705015
2018,California District 1,0.7683957205633102,0.014920305253656507,0.13527309563086604,0.028711613390641492,0.05269926516152579
2020,Colorado District 1,0.5733058493144656,0.07516910878747185,0.259860764025592,0.038492692668641935,0.05317158520382862
2019,Colorado District 1,0.5823979466153641,0.07775295696760463,0.2731994131126778,0.03533941289638026,0.03131027040797313
2018,Colorado District 1,0.5793358429356974,0.07875811325456016,0.2758506550453023,0.036100165868267864,0.02995522289617225
2020,Connecticut District 1,0.5745136235567557,0.14539457733113728,0.1757016612462273,0.06089285365928428,0.043497284206595446
2019,Connecticut District 1,0.6077523388981566,0.14489152600017147,0.16830510165792287,0.05248238711663081,0.02656864632711825
2018,Connecticut District 1,0.6132137387880113,0.14241679708754748,0.16725285944275226,0.051854220307512806,0.025262384374176126
2020,Florida District 1,0.700004084760008,0.12519541863219955,0.07639120117938161,0.02780359978759248,0.0706056956408184
2019,Florida District 1,0.7306461086066132,0.1315490244126963,0.06588666358088319,0.025920581268257012,0.04599762213155033
2018,Florida District 1,0.7326105928516614,0.13176894594057398,0.0643068786272494,0.026680233407616945,0.04463334917289826
2020,Georgia District 1,0.5714644850823188,0.2785290977148142,0.07811389807364832,0.023772759569240295,0.048119759559978326
2019,Georgia District 1,0.5883064007369551,0.29371159713846534,0.06832164995448299,0.0190967959006196,0.03056355626947701
2018,Georgia District 1,0.5908653570188793,0.2926125259328302,0.06759619405820434,0.019270245374457765,0.029655677615628356
2020,Hawaii District 1,0.14871113997624108,0.018206954760759682,0.07779746270026897,0.5768677954211318,0.17841664714159844
2019,Hawaii District 1,0.15594813687228648,0.020493982785448384,0.08725875570137058,0.5617647307096009,0.17453439393129377
2018,Hawaii District 1,0.15959882201807496,0.019438390222693742,0.08689234804216084,0.5605024292711343,0.17356801044593617
2020,Idaho District 1,0.8007259467310929,0.005897008140196106,0.11674945098445791,0.01415344788043871,0.062474146263814395
2019,Idaho District 1,0.8337741854549178,0.005840399905941546,0.11077970632610606,0.013913000430913728,0.035692707882120894
2018,Idaho District 1,0.8385033810202861,0.004841529049174295,0.10777289663737982,0.014595887575325452,0.03428630571783434
2020,Illinois District 1,0.32971220300616616,0.4972058888106648,0.12187707610606432,0.021838688063868638,0.029366144013236135
2019,Illinois District 1,0.35112516352262896,0.505651029571141,0.10373690931223199,0.020730621236848944,0.018756276357149108
2018,Illinois District 1,0.35400597075628637,0.5070482603181956,0.10182483710342062,0.019143702038360837,0.017977229783736563
2020,Indiana District 1,0.5871863228999648,0.1898055454642298,0.16760811907096676,0.013893706927869632,0.04150630563696904
2019,Indiana District 1,0.6257302249827544,0.1823033342335069,0.15666238034804533,0.013550177212922761,0.02175388322277058
2018,Indiana District 1,0.6272150058433098,0.1841411452887266,0.15435424436777626,0.013262076639621555,0.021027527860565783
2020,Iowa District 1,0.8483144915275962,0.04739034581763183,0.04604578430618575,0.019314773513804506,0.03893460483478173
2019,Iowa District 1,0.8779520218760358,0.04045176292674842,0.04115351549552536,0.017845490139211138,0.022597209562479247
2018,Iowa District 1,0.8818746106756146,0.03879710582241498,0.04009345080299571,0.018126813879309117,0.021108018819665626
2020,Kansas District 1,0.7340408377605873,0.030176676327426998,0.17262936785521132,0.016293435962858156,0.04685968209391627
2019,Kansas District 1,0.7646099765603567,0.029860314509124974,0.16088919971173077,0.017399919546160745,0.02724058967262685
2018,Kansas District 1,0.7663776568041992,0.02942932431535996,0.15911961846746203,0.01731659776630144,0.027756802646677337
2020,Kentucky District 1,0.8483797986202946,0.0660665045283318,0.036603493900344716,0.006264435665427685,0.04268576728560125
2019,Kentucky District 1,0.8715130058185573,0.06817495473604959,0.03193039441218098,0.007165690412670844,0.0212159546205413
2018,Kentucky District 1,0.8726996803781035,0.06839936353311321,0.03127629382999225,0.006839519817390652,0.02078514244140036
2020,Louisiana District 1,0.6635625811453572,0.14240725585631042,0.11595586923214186,0.0236898293716965,0.054384464394494056
2019,Louisiana District 1,0.7177589051503569,0.1376184487726516,0.08925944455548424,0.022858611301809894,0.03250459021969736
2018,Louisiana District 1,0.7165920390867931,0.1383753865051199,0.08932840171316796,0.023555435163883164,0.03214873753103583
2020,Maine District 1,0.8941524628271924,0.021761943508408703,0.02219789239304697,0.016504996371826057,0.04538270489952586
2019,Maine District 1,0.9266578574162694,0.016963917760123428,0.01829263821405892,0.01562199809638063,0.022463588513167633
2018,Maine District 1,0.9280423077829355,0.016793220858172905,0.01789185654704399,0.01539709936614906,0.02187551544569854
2020,Maryland District 1,0.757352970840937,0.11823655109997028,0.050873373309431945,0.02590467327675357,0.0476324314729072
2019,Maryland District 1,0.7944465748601545,0.11759985698163006,0.04057190971828929,0.021714773879496108,0.025666884560430078
2018,Maryland District 1,0.7965054035775598,0.11923328614729164,0.03915163695406343,0.021799129841931324,0.02331054347915377
2020,Massachusetts District 1,0.6853588183997361,0.05713057537164581,0.1933475434208527,0.023155050125467678,0.04100801268229773
2019,Massachusetts District 1,0.7176719051043204,0.056371755251702994,0.18324148227841847,0.02130871285933066,0.021406144506227447
2018,Massachusetts District 1,0.7225781473379492,0.05692248128828019,0.1788321916824336,0.021054532470357434,0.020612647220979524
2020,Michigan District 1,0.8891517001490736,0.01045077021367218,0.020671541137218714,0.005920352097678711,0.07380563640235677
2019,Michigan District 1,0.9083395770687059,0.014222823276263443,0.020087875501588033,0.007246075758595941,0.05010364839484665
2018,Michigan District 1,0.9092778139976438,0.014756259364741677,0.019372862551327363,0.007131500989374234,0.04946156309691288
2020,Minnesota District 1,0.8204468921106198,0.03901112742245116,0.07430732301954755,0.02993082640583965,0.036303831041541806
2019,Minnesota District 1,0.8529118599736073,0.03309009207819463,0.06539225429399559,0.028346221120963525,0.020259572533238953
2018,Minnesota District 1,0.8575408571186458,0.031488934050299636,0.06375539099887162,0.02788973149443469,0.01932508633774825
2020,Mississippi District 1,0.6426969018758086,0.2769452134106535,0.037679710590280295,0.009661937689338238,0.03301623643391935
2019,Mississippi District 1,0.6642791012402925,0.2771971328232983,0.03346875401606689,0.008328503124991804,0.016726508795350488
2018,Mississippi District 1,0.6682660391868177,0.2744312916138107,0.033059687267899276,0.007122246833571048,0.01712073509790128
2020,Missouri District 1,0.37860442730704336,0.48903526567479916,0.045493084256505105,0.035986210485962844,0.05088101227568953
2019,Missouri District 1,0.4044883577378391,0.4947985476901757,0.03590631199365405,0.03281857262855155,0.03198820994977959
2018,Missouri District 1,0.4056272925463151,0.49659334613814726,0.035617313528190385,0.030485832114964844,0.03167621567238238
2020,Nebraska District 1,0.7863949949682942,0.029762842974404985,0.10361373473816943,0.02664076045442972,0.053587666864701636
2019,Nebraska District 1,0.8141997190201059,0.028214289037132145,0.09397474902540914,0.027215662923369403,0.036395579993983414
2018,Nebraska District 1,0.8185315486498747,0.028615831141967755,0.09130785166156691,0.027357906763954467,0.03418686178263622
2020,Nevada District 1,0.2730193420240118,0.130489654564029,0.45078127890134345,0.09368944056958944,0.05202028394102637
2019,Nevada District 1,0.2946017577687747,0.1131572675867149,0.4618093319178745,0.09215503607253504,0.03827660665410078
2018,Nevada District 1,0.30436737725273577,0.11045658152785676,0.4594435031854525,0.08896493101087348,0.036767607023081475
2020,New Hampshire District 1,0.8734179210791458,0.014701814580565457,0.04295887992180435,0.02495066192562527,0.04397072249285908
2019,New Hampshire District 1,0.9024601817532232,0.014956928808665108,0.03670791718922066,0.025528079711476682,0.020346892537414365
2018,New Hampshire District 1,0.9050237739678376,0.014451972744501116,0.03442387825128766,0.025583418636013832,0.020516956400359766
2020,New Jersey District 1,0.5870628994540933,0.16339888375280023,0.15211158753829382,0.05460528325137871,0.04282134600343395
2019,New Jersey District 1,0.6220763810313962,0.16221356424140607,0.13702334209391137,0.05229610294391254,0.026390609689373845
2018,New Jersey District 1,0.6262145414486368,0.16333654640594877,0.13501790140457173,0.05163315890939135,0.02379785183145139
2020,New Mexico District 1,0.3816797849626463,0.024983551139758444,0.487066228798247,0.027667198885076814,0.07860323621427137
2019,New Mexico District 1,0.3930416909222886,0.023167532682204638,0.5008875760907843,0.02418375340477063,0.058719446899951906
2018,New Mexico District 1,0.396363003742529,0.02332646556025069,0.49841629056862574,0.02344580090551085,0.05844843922308379
2020,New York District 1,0.6966159182730688,0.05084429820118084,0.17443696568641356,0.040764859472740805,0.03733795836659598
2019,New York District 1,0.7384624831828864,0.05076535311751604,0.15421223336850273,0.039413452574344206,0.017146477756750593
2018,New York District 1,0.7463251847339566,0.050261854546316265,0.14654096905000535,0.03979882433790597,0.017073167331815818
2020,North Carolina District 1,0.409193260241293,0.42022198089617313,0.10600554749382297,0.02185052601114638,0.04272868535756452
2019,North Carolina District 1,0.4223617371774839,0.4361098898770585,0.08885448834413022,0.021059224848905392,0.03161465975242195
2018,North Carolina District 1,0.4215788139720352,0.4389569408339537,0.08811410964302918,0.020926470724836152,0.030423664826145738
2020,Ohio District 1,0.6547082167718431,0.20977164790839894,0.04282219764491575,0.0448090560145729,0.047888881660269306
2019,Ohio District 1,0.686338618120657,0.21406623144888706,0.03271410935790103,0.036730260214230655,0.030150780858324254
2018,Ohio District 1,0.688873828387088,0.21650796662894012,0.031183371398751634,0.03548419889802309,0.02795063468719717
2020,Oklahoma District 1,0.5757225070805634,0.08514294471790577,0.13466766906768257,0.034971406229447666,0.1694954729044006
2019,Oklahoma District 1,0.6399969071792102,0.08553021299308979,0.1144867476370475,0.03076234291151664,0.1292237892791359
2018,Oklahoma District 1,0.6446934144221107,0.08547439569165691,0.11207412397400242,0.02925543592117428,0.1285026299910557
2020,Oregon District 1,0.6588550226143797,0.01794336451972798,0.15823468957886794,0.09191460699124589,0.0730523162957785
2019,Oregon District 1,0.704690184019968,0.017245347303286546,0.1475671212595735,0.0844816786720952,0.0460156687450768
2018,Oregon District 1,0.7099919604777567,0.016858962264717794,0.1465404217324269,0.08105857314703432,0.045550082378064294
2020,Pennsylvania District 1,0.7914640904338521,0.041041649036506034,0.06208591871108284,0.06717705412982532,0.03823128768873367
2019,Pennsylvania District 1,0.8265413940592721,0.03970347077817788,0.054084743565901955,0.05941150614528917,0.020258885451358927
2018,Pennsylvania District 1,0.8306502896897521,0.039755670770311065,0.05199469266377799,0.05780258796091973,0.019796758915239153
2020,Rhode Island District 1,0.634217139599536,0.06475292572527498,0.18828014078840788,0.03694523071150103,0.07580456317528017
2019,Rhode Island District 1,0.6649729263860004,0.07665298933917898,0.18149438854851704,0.035527326550877786,0.04135236917542584
2018,Rhode Island District 1,0.6742078984908777,0.07407650724528869,0.17642841054133193,0.03463285531946843,0.04065432840303325
2020,South Carolina District 1,0.6798385137008132,0.16839074213602997,0.081491721140613,0.021115090738350432,0.04916393228419343
2019,South Carolina District 1,0.703690499684872,0.18525837317528124,0.06347506668618975,0.019755664347239285,0.02782039610641776
2018,South Carolina District 1,0.7056324543737543,0.18447585904646624,0.06396413552742793,0.019206588544655807,0.026720962507695702
2020,Tennessee District 1,0.8776454207495095,0.021632531761559225,0.04918123006733423,0.009007707526739697,0.04253310989485738
2019,Tennessee District 1,0.9117447225272157,0.021999991629148976,0.03823107176191067,0.00815041861230822,0.019873795469416408
2018,Tennessee District 1,0.9140995393461181,0.02128422680759014,0.03707367099673844,0.007803656089933985,0.019738906759619347
2020,Texas District 1,0.5956728126994323,0.1653323882867755,0.18577225023983787,0.012507561987532584,0.04071498678642177
2019,Texas District 1,0.6197944880118007,0.17285174968539832,0.17559357629195035,0.012063203686881734,0.019696982323968888
2018,Texas District 1,0.6214392626163475,0.17376273121558308,0.17378500866732108,0.013030916925990128,0.01798208057475819
2020,Utah District 1,0.7917914952811972,0.009632582049426507,0.13324634388080445,0.019037691679883815,0.046291887108688035
2019,Utah District 1,0.8111430144745123,0.010339311936228236,0.1297120830711139,0.017036396056219844,0.03176919446192572
2018,Utah District 1,0.8130084653325742,0.010634873339257115,0.12788584836892036,0.017049052106223695,0.03142176085302463
2020,Virginia District 1,0.6253543352754813,0.15683187410434435,0.11374132135339764,0.04119955631061157,0.0628729129561651
2019,Virginia District 1,0.6670627385409015,0.16037382800736366,0.10028514654869353,0.032573236545631636,0.0397050503574097
2018,Virginia District 1,0.6714335165072909,0.16013001193727458,0.09576672172914859,0.031985023683654586,0.04068472614263136
2020,Washington District 1,0.6651480234001064,0.01487198318433915,0.09836275229822473,0.1422316205333401,0.07938562058398968
2019,Washington District 1,0.724248878656138,0.012620589226080428,0.09061333729439819,0.11905873428062907,0.05345846054275433
2018,Washington District 1,0.7363485080207779,0.012043630875784056,0.08845560443854555,0.11187048178565895,0.05128177487923352
2020,West Virginia District 1,0.901000591318907,0.025645966075569227,0.017704686036236553,0.010472656483579272,0.04517610008570798
2019,West Virginia District 1,0.9306735786905446,0.025052813818811373,0.014575141259578896,0.010210944365080533,0.019487521865984632
2018,West Virginia District 1,0.9323533960037439,0.024977007284417856,0.013681683148170757,0.010411427176168967,0.018576486387498523
2020,Wisconsin District 1,0.7706391624464569,0.05602431500635093,0.11015297229232994,0.0196521557436092,0.043531394511253006
2019,Wisconsin District 1,0.8031872975915659,0.055024463052019836,0.09886024733161985,0.020099522991370404,0.022828469033423983
2018,Wisconsin District 1,0.8073043856421236,0.05421698502436468,0.09780160349691679,0.018167575463597943,0.02250945037299701
2020,California District 10,0.369553299241196,0.031693446834887534,0.45232765434896127,0.09298246299414392,0.053443136580811235
2019,California District 10,0.4142867026244575,0.03188304759573296,0.4397755786818374,0.07744717424450055,0.036607496853471574
2018,California District 10,0.4227064075369195,0.03035509659600021,0.4352200260885102,0.07495005971340254,0.036768410065167484
2020,Florida District 10,0.33414930579397667,0.2473197650731743,0.3006005923525184,0.0532293283161899,0.06470100846414076
2019,Florida District 10,0.35938776377197723,0.269281981878099,0.28371881315506786,0.05131423230747756,0.03629720888737836
2018,Florida District 10,0.36761235597408554,0.27092014650746815,0.2764518788729852,0.05191669890935252,0.03309891973610851
2020,Georgia District 10,0.6201981388675272,0.2451149143497133,0.0675473412024588,0.025500250318704745,0.041639355261595984
2019,Georgia District 10,0.6452012194147022,0.2542850062089953,0.057594427360084424,0.02104529635294807,0.021874050663269994
2018,Georgia District 10,0.6471467659205519,0.253946881524678,0.05621250631365993,0.021039680846178986,0.021654165394931237
2020,Illinois District 10,0.5297787697290557,0.06458825898756597,0.2502020840172923,0.1196820176951111,0.03574886957097491
2019,Illinois District 10,0.5680263733666143,0.06633442002935064,0.23106243413341737,0.11100620922251754,0.023570563248100126
2018,Illinois District 10,0.5765110077032178,0.06536722505993808,0.22740976320777084,0.1080077831819859,0.022704220847087342
2020,Michigan District 10,0.8702137547109189,0.03179637522977149,0.03597466549545835,0.017408163800010205,0.04460704076384106
2019,Michigan District 10,0.9002299004135981,0.02914391320563562,0.03251170376802881,0.0174958111365319,0.020618671476205604
2018,Michigan District 10,0.9012097448882841,0.028087944939596418,0.032720001784778074,0.017241235066427208,0.020741073320914207
2020,New Jersey District 10,0.18134381035480043,0.47824653679865886,0.21929564416035138,0.07097601984294272,0.050137988843246634
2019,New Jersey District 10,0.19002650784129343,0.49866529760471795,0.20793293369847562,0.07147939823343126,0.031895862622081675
2018,New Jersey District 10,0.19070240108398193,0.5053745659004465,0.20516438436548115,0.071489728311026,0.027268920339064404
2020,New York District 10,0.5770294462697949,0.03905932174923458,0.13059543196529497,0.2017944695404222,0.05152133047525334
2019,New York District 10,0.6178938590255373,0.03487996937715317,0.12946902170941105,0.18960873844807785,0.028148411439820664
2018,New York District 10,0.6245333625266846,0.03347884394329192,0.12795035305709124,0.18750205265750725,0.026535387815425027
2020,North Carolina District 10,0.7390944403887775,0.1196434618142865,0.07635726434322015,0.01793763543030626,0.04696719802340961
2019,North Carolina District 10,0.7712261421266388,0.12056380337114118,0.06669288314639843,0.017548820521453675,0.023968350834367953
2018,North Carolina District 10,0.7751183088308499,0.11975442206219096,0.06387017555503932,0.01709222447150964,0.024164869080410212
2020,Ohio District 10,0.7098114216381846,0.17081319705787593,0.03699864958425018,0.025677092973039668,0.056699638746649676
2019,Ohio District 10,0.7444583097307995,0.16558937546656843,0.02945873215267573,0.02339663198190649,0.03709695066804983
2018,Ohio District 10,0.7473020797983226,0.16696008698723586,0.028154499303963597,0.0229338800047095,0.03464945390576841
2020,Pennsylvania District 10,0.707470578786179,0.10326984302541456,0.09638492348772723,0.04675662224188464,0.04611803245879454
2019,Pennsylvania District 10,0.7472508534663865,0.10516921612394958,0.08355490633753501,0.03693704044117647,0.027087983630952404
2018,Pennsylvania District 10,0.7538438053535476,0.10390376596657608,0.08014918640599386,0.03549640786419196,0.02660683440969054
2020,Texas District 10,0.48069685772221643,0.10669714344198503,0.301447149305637,0.06844161188594237,0.042717237644219266
2019,Texas District 10,0.5179168341066014,0.11018841559200672,0.289801994666277,0.058273663829320865,0.023819091805794057
2018,Texas District 10,0.5291076234251828,0.1061528019243135,0.2834909142870752,0.05763056991116721,0.02361809045226127
2020,Virginia District 10,0.5572450198888214,0.06654115212858953,0.14884879752253727,0.17031652703456657,0.057048503425485286
2019,Virginia District 10,0.6036399065993432,0.06874584097560278,0.1361751047656755,0.1500134758353229,0.041425671824055654
2018,Virginia District 10,0.6108095884215288,0.06752092720645678,0.13423524090776065,0.14555806286989942,0.04187618059435441
2020,Washington District 10,0.6078688557991934,0.06421206383003109,0.13020822058061338,0.09268751122221189,0.10502334856795029
2019,Washington District 10,0.6580638691864935,0.06092909143174206,0.11819075187014914,0.08294036246465268,0.07987592504696257
2018,Washington District 10,0.6645693923072739,0.06035308198683423,0.11469316141668026,0.08127550187693813,0.07910886241227355
2020,California District 11,0.41003832645072064,0.07941636486051802,0.28437236692855755,0.16072495985685206,0.06544798190335174
2019,California District 11,0.45344974838056945,0.07727804275559409,0.2712037000538715,0.14752256691237337,0.05054594189759154
2018,California District 11,0.4591455156932846,0.07726454772650777,0.26945196076612593,0.14347767321182953,0.05066030260225213
2020,Florida District 11,0.7556902422533153,0.0676603702327508,0.11902026594869858,0.015057837446015337,0.042571284119220024
2019,Florida District 11,0.7854253002648464,0.07084736596278178,0.10659191798173376,0.01296931948593675,0.02416609630470134
2018,Florida District 11,0.789450459750162,0.06869418762895067,0.10446313451684161,0.012448171269027057,0.024944046835018607
2020,Georgia District 11,0.6248431493492334,0.15955091182096284,0.12612599141449068,0.03549466365114671,0.05398528376416641
2019,Georgia District 11,0.6642957671087297,0.1645046569376229,0.11128213965851735,0.03413912584828854,0.02577831044684148
2018,Georgia District 11,0.6684558947992044,0.16229211628792686,0.11047458846430536,0.03486548389826922,0.023911916550294142
2020,Illinois District 11,0.48066610417114963,0.11269069164297768,0.2814053705108894,0.08982609828193483,0.03541173539304848
2019,Illinois District 11,0.5086694813794858,0.10903417747068468,0.278558413585828,0.07963452972452864,0.024103397839472934
2018,Illinois District 11,0.5141912528906314,0.11026954315915045,0.272901896364897,0.0773104638434084,0.025326843741912797
2020,Michigan District 11,0.7424859232711059,0.054588809083003544,0.04129921576751987,0.1157834869116442,0.04584256496672656
2019,Michigan District 11,0.7822363963618695,0.05052046619536132,0.03416256612760832,0.10583017951122031,0.027250391803940566
2018,Michigan District 11,0.7881443511481853,0.051416163920458446,0.03260818777742658,0.10143471628622865,0.026396580867701067
2020,New Jersey District 11,0.6863513873593378,0.04116333680298959,0.1268699718970969,0.10932436210610323,0.0362909418344725
2019,New Jersey District 11,0.7277695097497735,0.03572604319991729,0.11590626504909576,0.10128092461644361,0.01931725738476983
2018,New Jersey District 11,0.7332750726107101,0.03530572608671424,0.11183884159924325,0.100745746310343,0.018834613392989405
2020,New York District 11,0.5495852452769121,0.06949164487181494,0.1785964115494443,0.16956003111312964,0.03276666718869903
2019,New York District 11,0.5893227416624124,0.07059593204286123,0.1730886883637155,0.14476545808657376,0.022227179844437117
2018,New York District 11,0.5957469813887665,0.06866228508391342,0.1727225943495649,0.13983061286499124,0.023037526312763956
2020,North Carolina District 11,0.8241935253024809,0.029444637445824078,0.07831649016798926,0.01244403502129304,0.055601312062412714
2019,North Carolina District 11,0.8611840655970389,0.03128021601856261,0.06270421576529218,0.01216093752267232,0.032670565096434026
2018,North Carolina District 11,0.862350395312608,0.03118636317717555,0.062016493069401685,0.012199660780842093,0.03224708765997263
2020,Ohio District 11,0.3540570237182514,0.5225667748116126,0.050855557913856556,0.028348703199155632,0.04417194035712376
2019,Ohio District 11,0.3704752665062771,0.5256949610699986,0.0454761003580487,0.02576094412323024,0.032592727942445325
2018,Ohio District 11,0.37002984936950234,0.529538768868448,0.04296666123776154,0.025459162862829822,0.03200555766145832
2020,Pennsylvania District 11,0.8188169507781953,0.033444163769000695,0.09252448934064128,0.021203834937903343,0.03401056117425941
2019,Pennsylvania District 11,0.8459511515449554,0.032001475288910744,0.08592465098489195,0.018882332049285577,0.017240390131956357
2018,Pennsylvania District 11,0.8486292911830081,0.032632199994511675,0.08437337065393376,0.018604044894486978,0.01576109327405948
2020,Texas District 11,0.534062080765018,0.03572170620781999,0.38219737486757627,0.013471951816994872,0.034546886342590816
2019,Texas District 11,0.5469794485955893,0.037536421439763795,0.38727677704251434,0.011003483508372075,0.01720386941376048
2018,Texas District 11,0.5529580989427227,0.03645368424083619,0.38328329219227314,0.01097065852745544,0.016334266096712506
2020,Virginia District 11,0.4136634587227453,0.1312370023674924,0.20084971634760942,0.19481310707319374,0.05943671548895926
2019,Virginia District 11,0.4527093583648873,0.12966979813019128,0.1888161657080811,0.1819801027361887,0.046824575060651547
2018,Virginia District 11,0.45998466220851564,0.12737568366247257,0.18610653827056925,0.18002069464781828,0.046512421210624294
2020,California District 12,0.41000376130011285,0.05240398957211969,0.15211475856344275,0.3229179906875397,0.06255949987678505
2019,California District 12,0.4278893876036385,0.05103150032715863,0.14744691703808022,0.3239394881114883,0.049692706919634344
2018,California District 12,0.43014087447623,0.05036252614720663,0.14731894504692952,0.3222036198437312,0.049974034485902596
2020,Florida District 12,0.7299975097164422,0.048073623189124025,0.14398423068202795,0.029731012207345222,0.04821362420506062
2019,Florida District 12,0.7698354330402807,0.047127523208990975,0.13071355508655627,0.02790517006978882,0.02441831859438326
2018,Florida District 12,0.7785313552913415,0.04539281712613779,0.12616550462638523,0.026552059536582823,0.023358263419552605
2020,Georgia District 12,0.5290865176327875,0.34223095918897845,0.0670165063685989,0.019640574906853826,0.04202544190278136
2019,Georgia District 12,0.5489637684962421,0.3454643637458464,0.06255507094657117,0.01717522988235879,0.02584156692898159
2018,Georgia District 12,0.5521115943601773,0.34679984305999617,0.060786425246192675,0.01781575132244214,0.022486386011191697
2020,Illinois District 12,0.7283610176774786,0.1662497962570569,0.04067450027412687,0.012319409664083453,0.05239527612725415
2019,Illinois District 12,0.7592404625277546,0.16846073992906369,0.03516104847313936,0.01262147120735892,0.024516277862683466
2018,Illinois District 12,0.761125532433634,0.16800665452407246,0.034603525176760797,0.012201873019060049,0.024062414846472688
2020,Michigan District 12,0.702750161947438,0.11099957706288914,0.07182168114824748,0.055620245303524295,0.05880833453790107
2019,Michigan District 12,0.743056797082088,0.10719750665497324,0.05971949868449022,0.056073516514609976,0.03395268106383851
2018,Michigan District 12,0.7443761257239433,0.10651018195776488,0.05865645682211558,0.05630693649827266,0.03415029899790359
2020,New Jersey District 12,0.40844187149946126,0.1577769042994216,0.2113317279988399,0.18591096372223898,0.036538532480038216
2019,New Jersey District 12,0.4611296257955934,0.16724125264641257,0.17915862446654335,0.16915668765987002,0.023313809431580623
2018,New Jersey District 12,0.4699959521687959,0.167506736365956,0.17421972375889888,0.165196934335628,0.023080653370721127
2020,New York District 12,0.6149481081400735,0.04739505819970235,0.13557672406146204,0.15252535456973615,0.049554755029025954
2019,New York District 12,0.6453829966155044,0.04622060039815965,0.13685802989937948,0.14210032681232604,0.029438046274630453
2018,New York District 12,0.6493800342663878,0.04494821102754661,0.13657881269191402,0.1388956877753549,0.030197254238796684
2020,North Carolina District 12,0.3800918619662967,0.3409417452890096,0.17120473026177016,0.06301125690096733,0.04475040558195616
2019,North Carolina District 12,0.392678491798885,0.36701924876446085,0.1515375213432315,0.05810788642512713,0.03065685166829548
2018,North Carolina District 12,0.3977331473206382,0.3658914563991436,0.14776442483599958,0.057447943591886264,0.031163027852332298
2020,Ohio District 12,0.8153407405209755,0.04966845665460155,0.02957312249055559,0.05462059178385648,0.05079708855001087
2019,Ohio District 12,0.8509680473978528,0.04712273023916465,0.024552446031197616,0.04581877743227507,0.03153799889950985
2018,Ohio District 12,0.8547529079383116,0.04541533544253717,0.0249083222749307,0.04326202771540536,0.03166140662881516
2020,Pennsylvania District 12,0.8966222178216668,0.020451904680087712,0.026944503496014748,0.018305663223555653,0.037675710778675035
2019,Pennsylvania District 12,0.9212528168933527,0.021787311682814947,0.024109461329916836,0.017486187213306033,0.015364222880609485
2018,Pennsylvania District 12,0.9224405333211636,0.021758693423047357,0.023605551126583198,0.017404672906526183,0.01479054922267966
2020,Texas District 12,0.5713340520332576,0.0986114902535962,0.23857752936876248,0.04235047263002531,0.04912645571435845
2019,Texas District 12,0.6138160294132142,0.08873495579146583,0.23183975515273383,0.037656109846132615,0.027953149796453483
2018,Texas District 12,0.6187146946961837,0.08592527787267462,0.23112879904293554,0.036619817739225145,0.027611410648981018
2020,California District 13,0.32475505585725967,0.15124900369306313,0.23674303097713684,0.21666824708924604,0.07058466238329436
2019,California District 13,0.34360399771529043,0.1648833824230029,0.221569448063656,0.21208316553352444,0.05786000626452617
2018,California District 13,0.34525164235534755,0.16415207568015833,0.21898336249985095,0.2132644288153713,0.05834849064927186
2020,Florida District 13,0.6829606922669819,0.11649357701057783,0.11195452702191858,0.03894757823400439,0.04964362546651734
2019,Florida District 13,0.7109717791041259,0.12069874834073296,0.10240674200092878,0.03589907272829391,0.030023657825918447
2018,Florida District 13,0.7133894740333141,0.12192499771991742,0.09883259771881192,0.036186983354015295,0.02966594717394125
2020,Georgia District 13,0.20762224497929163,0.6045621478189367,0.12096993880814613,0.024879054023377003,0.04196661437024857
2019,Georgia District 13,0.24553250018097703,0.5888254920929498,0.11420636644225517,0.026680618349094787,0.024755022934723227
2018,Georgia District 13,0.25542675432919354,0.5823464182153728,0.1127091537239004,0.02619600768092406,0.023321666050609244
2020,Illinois District 13,0.7377279203200768,0.12073469305604076,0.04654800361710967,0.044345534609097695,0.05064384839767504
2019,Illinois District 13,0.7821606826597971,0.11263345221082208,0.03570741604603879,0.04078974927441037,0.028708699808931662
2018,Illinois District 13,0.7834052870748569,0.11309908051488896,0.03481586888576451,0.039868000471021535,0.028811763053468088
2020,Michigan District 13,0.32205002920396225,0.5355621243881251,0.08004702282652847,0.014172075082349243,0.048168748499034866
2019,Michigan District 13,0.3382072755319417,0.5427825734237162,0.07747184665512949,0.014552248196513086,0.02698605619269963
2018,Michigan District 13,0.33859661524142765,0.5450000294531724,0.07510706228167836,0.014358421545584674,0.026937871478136876
2020,New York District 13,0.14554395476052084,0.23838592621966787,0.5273186047901264,0.05090799458951474,0.03784351964017012
2019,New York District 13,0.14408826249495252,0.24226465722733845,0.5458258977999505,0.04480988915085123,0.023011293326907246
2018,New York District 13,0.13839138158981987,0.24412158114361263,0.5470893240786647,0.04694859320773426,0.02344911998016852
2020,North Carolina District 13,0.6103717519520165,0.21316045413292464,0.09471936715411867,0.036441392000920066,0.04530703476002008
2019,North Carolina District 13,0.6392423790214684,0.21945047650412697,0.07967421731881523,0.03508428874297594,0.02654863841261345
2018,North Carolina District 13,0.64338864773715565,0.21826269654154284,0.07845200893291114,0.034553464613773434,0.02534318217461693
2020,Ohio District 13,0.7663109697168408,0.12087921528088987,0.036630152009976505,0.023018408140415583,0.05316125485187728
2019,Ohio District 13,0.8029003302565839,0.1149391706890225,0.03334603550963954,0.01901092387162334,0.029803539673130704
2018,Ohio District 13,0.8063320111145207,0.11280478363564192,0.03271154327990969,0.018656516830841387,0.02949514513908632
2020,Pennsylvania District 13,0.892383993966722,0.027143994139430323,0.037162517108919955,0.007014837085661897,0.03629465769926586
2019,Pennsylvania District 13,0.915833074067755,0.026404944636643474,0.03305456907193437,0.0062510484126494835,0.018456363811017628
2018,Pennsylvania District 13,0.9174631116454138,0.026589669829547895,0.03154007985917307,0.0064288065490246595,0.017978332116840537
2020,Texas District 13,0.6018050235345669,0.05277114223924689,0.2788528135468642,0.020276478154550723,0.046294542524771304
2019,Texas District 13,0.6284873756683946,0.05218019510010604,0.27244306059594675,0.022254706047202002,0.024634662588350596
2018,Texas District 13,0.631562066098612,0.0526161044500434,0.26958825176163087,0.02116348525069389,0.025070092439019868
2020,California District 14,0.3141848407692792,0.02422514234129498,0.24160183011193095,0.3616989074778234,0.058289279299671426
2019,California District 14,0.33774483713361536,0.02680350248006063,0.2347888066110174,0.3550528331888788,0.045610020586427824
2018,California District 14,0.34130805204180753,0.02783233450291156,0.2374619798606061,0.3487594685408229,0.04463816505385193
2020,Florida District 14,0.4235993025562355,0.15850209601408094,0.31408209060419306,0.057638164854269563,0.046178345971220974
2019,Florida District 14,0.44867814947269336,0.1680670243361569,0.30890794937145655,0.04627206308650417,0.02807481373318904
2018,Florida District 14,0.45536191204348603,0.16943647294169398,0.3012665088658239,0.045549283088427824,0.028385823060568353
2020,Georgia District 14,0.7285447415486356,0.09615661772477149,0.12063671589222992,0.010714418070938068,0.043947506763424946
2019,Georgia District 14,0.7604513534467853,0.08771049123452865,0.11709559746322852,0.009623054054204805,0.025119503801252753
2018,Georgia District 14,0.7658476049346544,0.08745798810566854,0.11483861516400486,0.010195543710682079,0.0216602480849901
2020,Illinois District 14,0.7352836914743194,0.03241657206964996,0.1398721446637325,0.0521272711581994,0.040300320634098774
2019,Illinois District 14,0.782121086220636,0.03125302238780556,0.12253424237677171,0.04537770482424176,0.018713944190544937
2018,Illinois District 14,0.7828513900509493,0.030301546163840308,0.12463998802794386,0.043915678631920495,0.018291397125346047
2020,Michigan District 14,0.31033460496137394,0.5415429022620325,0.053056968743402044,0.054141564304947785,0.040923959728243677
